    1      3.737E+01   2.575E-01   4.403E-02   1.614E-01   4.131E+01
    2      3.736E+01   4.907E-01   1.089E-01   3.129E-01   4.285E+01
    3      3.752E+01   6.933E-01   1.896E-01   4.928E-01   4.450E+01
    4      3.788E+01   8.762E-01   2.747E-01   7.052E-01   4.627E+01
    5      3.850E+01   1.029E+00   3.526E-01   9.657E-01   4.804E+01
    6      3.950E+01   1.157E+00   4.114E-01   1.298E+00   4.984E+01
    7      4.102E+01   1.257E+00   4.497E-01   1.725E+00   5.173E+01
    8      4.314E+01   1.333E+00   4.610E-01   2.256E+00   5.374E+01
    9      4.594E+01   1.382E+00   4.517E-01   2.888E+00   5.596E+01
   10      4.936E+01   1.406E+00   4.235E-01   3.599E+00   5.839E+01
   11      5.331E+01   1.408E+00   3.868E-01   4.359E+00   6.105E+01
   12      5.762E+01   1.395E+00   3.483E-01   5.141E+00   6.392E+01
   13      6.212E+01   1.372E+00   3.115E-01   5.929E+00   6.698E+01
   14      6.661E+01   1.350E+00   2.809E-01   6.664E+00   7.019E+01
   15      7.097E+01   1.340E+00   2.574E-01   7.322E+00   7.352E+01
   16      7.515E+01   1.343E+00   2.400E-01   7.900E+00   7.693E+01
   17      7.906E+01   1.355E+00   2.241E-01   8.394E+00   8.045E+01
   18      8.266E+01   1.374E+00   2.112E-01   8.810E+00   8.404E+01
   19      8.589E+01   1.416E+00   2.002E-01   9.160E+00   8.762E+01
   20      8.877E+01   1.476E+00   1.918E-01   9.453E+00   9.114E+01
   21      9.116E+01   1.560E+00   1.810E-01   9.696E+00   9.445E+01
   22      9.305E+01   1.665E+00   1.706E-01   9.907E+00   9.749E+01
   23      9.432E+01   1.787E+00   1.515E-01   1.009E+01   1.001E+02
   24      9.497E+01   1.923E+00   1.286E-01   1.025E+01   1.021E+02
   25      9.495E+01   2.091E+00   9.677E-02   1.038E+01   1.038E+02
   26      9.438E+01   2.274E+00   5.965E-02   1.048E+01   1.051E+02
   27      9.347E+01   2.426E+00   2.654E-02   1.056E+01   1.062E+02
   28      9.240E+01   2.452E+00   6.235E-03   1.062E+01   1.069E+02
   29      9.127E+01   2.382E+00   1.249E-03   1.069E+01   1.076E+02
   30      9.016E+01   2.338E+00   9.258E-04   1.076E+01   1.081E+02
   31      8.909E+01   2.315E+00   8.272E-04   1.083E+01   1.086E+02
   32      8.803E+01   2.305E+00   7.693E-04   1.090E+01   1.092E+02
   33      8.700E+01   2.303E+00   7.365E-04   1.096E+01   1.098E+02
   34      8.598E+01   2.306E+00   7.145E-04   1.102E+01   1.103E+02
   35      8.497E+01   2.308E+00   6.931E-04   1.106E+01   1.109E+02
   36      8.398E+01   2.309E+00   6.750E-04   1.111E+01   1.114E+02
   37      8.300E+01   2.305E+00   6.484E-04   1.114E+01   1.120E+02
   38      8.204E+01   2.296E+00   6.229E-04   1.117E+01   1.126E+02
   39      8.110E+01   2.288E+00   6.138E-04   1.120E+01   1.131E+02
   40      8.017E+01   2.280E+00   6.061E-04   1.122E+01   1.137E+02
   41      7.925E+01   2.275E+00   6.097E-04   1.124E+01   1.143E+02
   42      7.834E+01   2.271E+00   6.144E-04   1.125E+01   1.149E+02
   43      7.744E+01   2.270E+00   6.196E-04   1.126E+01   1.154E+02
   44      7.656E+01   2.278E+00   6.576E-04   1.126E+01   1.160E+02
   45      7.589E+01   2.568E+00   3.043E-03   1.128E+01   1.166E+02
   46      7.543E+01   2.898E+00   2.810E-02   1.130E+01   1.172E+02
   47      7.523E+01   2.984E+00   7.921E-02   1.129E+01   1.183E+02
   48      7.574E+01   2.984E+00   1.503E-01   1.124E+01   1.200E+02
   49      7.713E+01   2.951E+00   2.238E-01   1.110E+01   1.223E+02
   50      7.942E+01   2.900E+00   2.809E-01   1.084E+01   1.252E+02
   51      8.251E+01   2.811E+00   3.190E-01   1.045E+01   1.284E+02
   52      8.631E+01   2.694E+00   3.337E-01   1.003E+01   1.320E+02
   53      9.061E+01   2.559E+00   3.345E-01   9.593E+00   1.357E+02
   54      9.515E+01   2.440E+00   3.253E-01   9.189E+00   1.394E+02
   55      9.991E+01   2.333E+00   3.135E-01   8.871E+00   1.431E+02
   56      1.047E+02   2.247E+00   2.988E-01   8.666E+00   1.468E+02
   57      1.096E+02   2.178E+00   2.854E-01   8.578E+00   1.505E+02
   58      1.145E+02   2.127E+00   2.719E-01   8.609E+00   1.542E+02
   59      1.193E+02   2.088E+00   2.590E-01   8.751E+00   1.579E+02
   60      1.240E+02   2.055E+00   2.466E-01   8.999E+00   1.617E+02
   61      1.286E+02   2.027E+00   2.340E-01   9.340E+00   1.656E+02
   62      1.330E+02   2.005E+00   2.226E-01   9.696E+00   1.695E+02
   63      1.371E+02   1.995E+00   2.128E-01   1.003E+01   1.734E+02
   64      1.410E+02   1.998E+00   2.047E-01   1.033E+01   1.773E+02
   65      1.445E+02   2.008E+00   1.954E-01   1.059E+01   1.813E+02
   66      1.477E+02   2.024E+00   1.870E-01   1.081E+01   1.852E+02
   67      1.504E+02   2.063E+00   1.782E-01   1.099E+01   1.891E+02
   68      1.527E+02   2.123E+00   1.707E-01   1.115E+01   1.928E+02
   69      1.544E+02   2.207E+00   1.598E-01   1.128E+01   1.963E+02
   70      1.557E+02   2.314E+00   1.487E-01   1.141E+01   1.994E+02
   71      1.563E+02   2.439E+00   1.300E-01   1.153E+01   2.021E+02
   72      1.562E+02   2.577E+00   1.082E-01   1.166E+01   2.042E+02
   73      1.555E+02   2.740E+00   7.923E-02   1.179E+01   2.059E+02
   74      1.543E+02   2.908E+00   4.704E-02   1.189E+01   2.073E+02
   75      1.528E+02   3.019E+00   1.990E-02   1.197E+01   2.083E+02
   76      1.511E+02   2.903E+00   4.006E-03   1.206E+01   2.091E+02
   77      1.493E+02   2.605E+00   6.985E-04   1.215E+01   2.098E+02
   78      1.475E+02   2.416E+00   5.223E-04   1.225E+01   2.103E+02
   79      1.458E+02   2.301E+00   4.808E-04   1.234E+01   2.110E+02
   80      1.441E+02   2.221E+00   4.600E-04   1.242E+01   2.116E+02
   81      1.425E+02   2.162E+00   4.515E-04   1.248E+01   2.122E+02
   82      1.409E+02   2.112E+00   4.471E-04   1.253E+01   2.128E+02
   83      1.394E+02   2.070E+00   4.429E-04   1.258E+01   2.135E+02
   84      1.378E+02   2.031E+00   4.381E-04   1.261E+01   2.141E+02
   85      1.363E+02   1.992E+00   4.266E-04   1.263E+01   2.147E+02
   86      1.348E+02   1.952E+00   4.150E-04   1.265E+01   2.153E+02
   87      1.334E+02   1.918E+00   4.132E-04   1.266E+01   2.160E+02
   88      1.319E+02   1.887E+00   4.117E-04   1.266E+01   2.166E+02
   89      1.305E+02   1.862E+00   4.171E-04   1.266E+01   2.172E+02
   90      1.291E+02   1.841E+00   4.227E-04   1.266E+01   2.178E+02
   91      1.277E+02   1.825E+00   4.282E-04   1.265E+01   2.185E+02
   92      1.264E+02   1.817E+00   4.488E-04   1.265E+01   2.191E+02
   93      1.253E+02   2.090E+00   1.637E-03   1.265E+01   2.197E+02
   94      1.244E+02   2.536E+00   1.496E-02   1.266E+01   2.204E+02
   95      1.236E+02   2.703E+00   4.378E-02   1.264E+01   2.214E+02
   96      1.233E+02   2.798E+00   8.704E-02   1.256E+01   2.231E+02
   97      1.239E+02   2.873E+00   1.370E-01   1.236E+01   2.253E+02
   98      1.252E+02   2.928E+00   1.824E-01   1.203E+01   2.280E+02
   99      1.274E+02   2.932E+00   2.194E-01   1.158E+01   2.311E+02
  100      1.303E+02   2.900E+00   2.435E-01   1.107E+01   2.345E+02
  101      1.337E+02   2.833E+00   2.575E-01   1.057E+01   2.380E+02
  102      1.374E+02   2.755E+00   2.615E-01   1.012E+01   2.415E+02
  103      1.415E+02   2.674E+00   2.613E-01   9.752E+00   2.450E+02
  104      1.456E+02   2.601E+00   2.564E-01   9.501E+00   2.486E+02
  105      1.499E+02   2.537E+00   2.506E-01   9.366E+00   2.522E+02
  106      1.542E+02   2.483E+00   2.431E-01   9.351E+00   2.558E+02
  107      1.584E+02   2.438E+00   2.348E-01   9.454E+00   2.595E+02
  108      1.626E+02   2.396E+00   2.260E-01   9.661E+00   2.633E+02
  109      1.667E+02   2.356E+00   2.165E-01   9.964E+00   2.671E+02
  110      1.705E+02   2.322E+00   2.072E-01   1.030E+01   2.710E+02
  111      1.742E+02   2.304E+00   1.992E-01   1.061E+01   2.749E+02
  112      1.775E+02   2.301E+00   1.925E-01   1.089E+01   2.788E+02
  113      1.806E+02   2.306E+00   1.844E-01   1.113E+01   2.827E+02
  114      1.832E+02   2.317E+00   1.768E-01   1.134E+01   2.866E+02
  115      1.855E+02   2.355E+00   1.687E-01   1.150E+01   2.904E+02
  116      1.873E+02   2.415E+00   1.616E-01   1.165E+01   2.941E+02
  117      1.886E+02   2.501E+00   1.511E-01   1.178E+01   2.975E+02
  118      1.893E+02   2.609E+00   1.399E-01   1.190E+01   3.006E+02
  119      1.895E+02   2.733E+00   1.216E-01   1.202E+01   3.032E+02
  120      1.890E+02   2.871E+00   1.006E-01   1.216E+01   3.053E+02
  121      1.879E+02   3.031E+00   7.282E-02   1.229E+01   3.070E+02
  122      1.864E+02   3.188E+00   4.268E-02   1.241E+01   3.084E+02
  123      1.845E+02   3.274E+00   1.770E-02   1.250E+01   3.094E+02
  124      1.825E+02   3.069E+00   3.350E-03   1.259E+01   3.102E+02
  125      1.803E+02   2.653E+00   5.695E-04   1.271E+01   3.109E+02
  126      1.782E+02   2.405E+00   4.337E-04   1.282E+01   3.115E+02
  127      1.761E+02   2.258E+00   4.068E-04   1.293E+01   3.121E+02
  128      1.741E+02   2.157E+00   3.936E-04   1.303E+01   3.128E+02
  129      1.722E+02   2.080E+00   3.897E-04   1.310E+01   3.134E+02
  130      1.703E+02   2.013E+00   3.861E-04   1.316E+01   3.141E+02
  131      1.685E+02   1.955E+00   3.831E-04   1.320E+01   3.147E+02
  132      1.666E+02   1.904E+00   3.805E-04   1.323E+01   3.154E+02
  133      1.649E+02   1.855E+00   3.721E-04   1.325E+01   3.160E+02
  134      1.631E+02   1.812E+00   3.650E-04   1.327E+01   3.167E+02
  135      1.614E+02   1.775E+00   3.646E-04   1.329E+01   3.173E+02
  136      1.597E+02   1.742E+00   3.638E-04   1.330E+01   3.180E+02
  137      1.580E+02   1.716E+00   3.690E-04   1.331E+01   3.186E+02
  138      1.563E+02   1.694E+00   3.742E-04   1.331E+01   3.192E+02
  139      1.547E+02   1.677E+00   3.792E-04   1.331E+01   3.199E+02
  140      1.531E+02   1.667E+00   3.940E-04   1.331E+01   3.205E+02
  141      1.517E+02   1.913E+00   1.273E-03   1.332E+01   3.211E+02
  142      1.506E+02   2.394E+00   1.158E-02   1.333E+01   3.218E+02
  143      1.495E+02   2.590E+00   3.449E-02   1.331E+01   3.228E+02
  144      1.489E+02   2.719E+00   6.999E-02   1.322E+01   3.244E+02
  145      1.490E+02   2.835E+00   1.127E-01   1.302E+01   3.265E+02
  146      1.499E+02   2.933E+00   1.535E-01   1.269E+01   3.292E+02
  147      1.515E+02   2.979E+00   1.886E-01   1.222E+01   3.321E+02
  148      1.539E+02   2.985E+00   2.138E-01   1.170E+01   3.354E+02
  149      1.568E+02   2.950E+00   2.305E-01   1.117E+01   3.387E+02
  150      1.602E+02   2.894E+00   2.380E-01   1.070E+01   3.421E+02
  151      1.638E+02   2.829E+00   2.411E-01   1.031E+01   3.454E+02
  152      1.676E+02   2.764E+00   2.393E-01   1.002E+01   3.489E+02
  153      1.716E+02   2.704E+00   2.359E-01   9.857E+00   3.523E+02
  154      1.755E+02   2.650E+00   2.303E-01   9.810E+00   3.558E+02
  155      1.794E+02   2.602E+00   2.237E-01   9.879E+00   3.594E+02
  156      1.833E+02   2.553E+00   2.160E-01   1.007E+01   3.631E+02
  157      1.871E+02   2.509E+00   2.078E-01   1.035E+01   3.668E+02
  158      1.906E+02   2.475E+00   1.999E-01   1.065E+01   3.706E+02
  159      1.939E+02   2.457E+00   1.929E-01   1.094E+01   3.745E+02
  160      1.970E+02   2.453E+00   1.870E-01   1.121E+01   3.783E+02
  161      1.997E+02   2.458E+00   1.795E-01   1.144E+01   3.821E+02
  162      2.021E+02   2.469E+00   1.725E-01   1.164E+01   3.859E+02
  163      2.041E+02   2.504E+00   1.645E-01   1.181E+01   3.897E+02
  164      2.056E+02   2.560E+00   1.572E-01   1.197E+01   3.933E+02
  165      2.067E+02   2.647E+00   1.468E-01   1.210E+01   3.967E+02
  166      2.072E+02   2.758E+00   1.359E-01   1.223E+01   3.997E+02
  167      2.071E+02   2.883E+00   1.179E-01   1.236E+01   4.023E+02
  168      2.064E+02   3.020E+00   9.710E-02   1.250E+01   4.043E+02
  169      2.051E+02   3.177E+00   6.998E-02   1.264E+01   4.060E+02
  170      2.034E+02   3.326E+00   4.065E-02   1.277E+01   4.073E+02
  171      2.013E+02   3.397E+00   1.669E-02   1.287E+01   4.083E+02
  172      1.991E+02   3.136E+00   3.066E-03   1.298E+01   4.091E+02
  173      1.967E+02   2.663E+00   5.213E-04   1.311E+01   4.098E+02
  174      1.944E+02   2.392E+00   4.042E-04   1.325E+01   4.105E+02
  175      1.922E+02   2.229E+00   3.792E-04   1.337E+01   4.111E+02
  176      1.900E+02   2.116E+00   3.687E-04   1.347E+01   4.118E+02
  177      1.879E+02   2.032E+00   3.678E-04   1.355E+01   4.124E+02
  178      1.859E+02   1.959E+00   3.655E-04   1.362E+01   4.131E+02
  179      1.839E+02   1.896E+00   3.636E-04   1.367E+01   4.137E+02
  180      1.819E+02   1.841E+00   3.619E-04   1.371E+01   4.144E+02
  181      1.800E+02   1.790E+00   3.546E-04   1.374E+01   4.150E+02
  182      1.781E+02   1.742E+00   3.468E-04   1.377E+01   4.157E+02
  183      1.762E+02   1.702E+00   3.467E-04   1.379E+01   4.163E+02
  184      1.744E+02   1.668E+00   3.465E-04   1.380E+01   4.170E+02
  185      1.726E+02   1.640E+00   3.517E-04   1.381E+01   4.176E+02
  186      1.708E+02   1.617E+00   3.564E-04   1.382E+01   4.182E+02
  187      1.691E+02   1.598E+00   3.612E-04   1.383E+01   4.189E+02
  188      1.673E+02   1.586E+00   3.726E-04   1.383E+01   4.195E+02
  189      1.658E+02   1.809E+00   1.100E-03   1.385E+01   4.201E+02
  190      1.645E+02   2.299E+00   1.006E-02   1.384E+01   4.208E+02
  191      1.633E+02   2.510E+00   3.023E-02   1.382E+01   4.218E+02
  192      1.625E+02   2.658E+00   6.236E-02   1.373E+01   4.234E+02
  193      1.623E+02   2.793E+00   1.016E-01   1.352E+01   4.254E+02
  194      1.629E+02   2.914E+00   1.402E-01   1.318E+01   4.280E+02
  195      1.644E+02   2.984E+00   1.742E-01   1.271E+01   4.308E+02
  196      1.665E+02   3.012E+00   1.997E-01   1.218E+01   4.340E+02
  197      1.692E+02   2.995E+00   2.174E-01   1.164E+01   4.372E+02
  198      1.723E+02   2.955E+00   2.264E-01   1.115E+01   4.404E+02
  199      1.758E+02   2.900E+00   2.310E-01   1.073E+01   4.437E+02
  200      1.794E+02   2.842E+00   2.306E-01   1.042E+01   4.469E+02
  201      1.832E+02   2.784E+00   2.283E-01   1.023E+01   4.503E+02
  202      1.870E+02   2.733E+00   2.240E-01   1.016E+01   4.537E+02
  203      1.907E+02   2.681E+00   2.179E-01   1.021E+01   4.572E+02
  204      1.944E+02   2.635E+00   2.112E-01   1.037E+01   4.607E+02
  205      1.980E+02   2.592E+00   2.037E-01   1.063E+01   4.644E+02
  206      2.014E+02   2.557E+00   1.964E-01   1.091E+01   4.681E+02
  207      2.045E+02   2.536E+00   1.896E-01   1.119E+01   4.718E+02
  208      2.074E+02   2.531E+00   1.837E-01   1.144E+01   4.756E+02
  209      2.100E+02   2.534E+00   1.765E-01   1.167E+01   4.793E+02
  210      2.122E+02   2.546E+00   1.700E-01   1.187E+01   4.831E+02
  211      2.141E+02   2.583E+00   1.623E-01   1.204E+01   4.867E+02
  212      2.155E+02   2.640E+00   1.552E-01   1.220E+01   4.903E+02
  213      2.164E+02   2.724E+00   1.446E-01   1.234E+01   4.936E+02
  214      2.168E+02   2.835E+00   1.337E-01   1.248E+01   4.966E+02
  215      2.166E+02   2.961E+00   1.158E-01   1.261E+01   4.991E+02
  216      2.158E+02   3.095E+00   9.516E-02   1.277E+01   5.011E+02
  217      2.144E+02   3.251E+00   6.835E-02   1.292E+01   5.027E+02
  218      2.125E+02   3.395E+00   3.950E-02   1.306E+01   5.041E+02
  219      2.104E+02   3.457E+00   1.612E-02   1.313E+01   5.051E+02
  220      2.080E+02   3.165E+00   2.899E-03   1.324E+01   5.059E+02
  221      2.055E+02   2.665E+00   4.988E-04   1.338E+01   5.066E+02
  222      2.031E+02   2.382E+00   3.909E-04   1.353E+01   5.072E+02
  223      2.008E+02   2.212E+00   3.685E-04   1.366E+01   5.079E+02
  224      1.986E+02   2.093E+00   3.597E-04   1.377E+01   5.085E+02
  225      1.964E+02   2.006E+00   3.599E-04   1.386E+01   5.092E+02
  226      1.942E+02   1.929E+00   3.582E-04   1.393E+01   5.098E+02
  227      1.921E+02   1.863E+00   3.567E-04   1.399E+01   5.105E+02
  228      1.901E+02   1.810E+00   3.573E-04   1.405E+01   5.111E+02
  229      1.881E+02   1.757E+00   3.489E-04   1.409E+01   5.117E+02
  230      1.861E+02   1.708E+00   3.412E-04   1.412E+01   5.124E+02
  231      1.842E+02   1.667E+00   3.413E-04   1.415E+01   5.130E+02
  232      1.823E+02   1.632E+00   3.412E-04   1.418E+01   5.136E+02
  233      1.804E+02   1.605E+00   3.463E-04   1.420E+01   5.143E+02
  234      1.785E+02   1.582E+00   3.513E-04   1.421E+01   5.149E+02
  235      1.767E+02   1.563E+00   3.557E-04   1.423E+01   5.155E+02
  236      1.749E+02   1.550E+00   3.642E-04   1.424E+01   5.161E+02
  237      1.733E+02   1.750E+00   9.934E-04   1.426E+01   5.168E+02
  238      1.720E+02   2.244E+00   9.192E-03   1.428E+01   5.174E+02
  239      1.706E+02   2.463E+00   2.797E-02   1.426E+01   5.185E+02
  240      1.697E+02   2.619E+00   5.829E-02   1.416E+01   5.200E+02
  241      1.694E+02   2.765E+00   9.586E-02   1.397E+01   5.220E+02
  242      1.699E+02   2.899E+00   1.333E-01   1.363E+01   5.245E+02
  243      1.712E+02   2.983E+00   1.667E-01   1.315E+01   5.273E+02
  244      1.732E+02   3.024E+00   1.925E-01   1.261E+01   5.303E+02
  245      1.758E+02   3.020E+00   2.106E-01   1.206E+01   5.334E+02
  246      1.789E+02   2.988E+00   2.205E-01   1.154E+01   5.365E+02
  247      1.823E+02   2.940E+00   2.258E-01   1.111E+01   5.397E+02
  248      1.858E+02   2.887E+00   2.262E-01   1.078E+01   5.429E+02
  249      1.895E+02   2.829E+00   2.245E-01   1.058E+01   5.461E+02
  250      1.932E+02   2.777E+00   2.204E-01   1.050E+01   5.494E+02
